50
10
0.10000000
0.00000000
-0.03033447
-0.01571655
0.00942993
0.02862549
0.00753784
-0.05166626
-0.10238647
-0.12545776
-0.11038208
-0.07962036
-0.07153320
-0.09353638
-0.01065063
0.16390991
0.18432617
0.11193848
-0.00488281
-0.18453979
-0.22161865
-0.07348633
0.07623291
0.17926025
0.20861816
0.07965088
-0.04199219
-0.07061768
-0.05795288
-0.00665283
0.02191162
-0.00903320
-0.00720215
0.03070068
0.07092285
0.11404419
0.10195923
0.03198242
-0.01184082
-0.01019287
-0.00277710
0.02365112
0.00000000
0.00000000
0.00000000
0.00000000
0.00000000
0.00000000
0.00000000
0.00000000
0.00000000
0.00000000
0.00000000
-0.03033447
-0.01571655
0.00942993
0.02862549
0.00753784
-0.05166626
-0.10238647
-0.12545776
-0.11038208
-0.07962036
-0.07153320
-0.09353638
-0.01065063
0.16390991
0.18432617
0.11193848
-0.00488281
-0.18453979
-0.22161865
-0.07348633
0.07623291
0.17926025
0.20861816
0.07965088
-0.04199219
-0.07061768
-0.05795288
-0.00665283
0.02191162
-0.00903320
-0.00720215
0.03070068
0.07092285
0.11404419
0.10195923
0.03198242
-0.01184082
-0.01019287
-0.00277710
0.02365112
0.00000000
0.00000000
0.00000000
0.00000000
0.00000000
0.00000000
0.00000000
0.00000000
0.00000000
0.00000000
0.00000000
-0.03033447
-0.01571655
0.00942993
0.02862549
0.00753784
-0.05166626
-0.10238647
-0.12545776
-0.11038208
-0.07962036
-0.07153320
-0.09353638
-0.01065063
0.16390991
0.18432617
0.11193848
-0.00488281
-0.18453979
-0.22161865
-0.07348633
0.07623291
0.17926025
0.20861816
0.07965088
-0.04199219
-0.07061768
-0.05795288
-0.00665283
0.02191162
-0.00903320
-0.00720215
0.03070068
0.07092285
0.11404419
0.10195923
0.03198242
-0.01184082
-0.01019287
-0.00277710
0.02365112
0.00000000
0.00000000
0.00000000
0.00000000
0.00000000
0.00000000
0.00000000
0.00000000
0.00000000
0.00000000
0.00000000
-0.03033447
-0.01571655
0.00942993
0.02862549
0.00753784
-0.05166626
-0.10238647
-0.12545776
-0.11038208
-0.07962036
-0.07153320
-0.09353638
-0.01065063
0.16390991
0.18432617
0.11193848
-0.00488281
-0.18453979
-0.22161865
-0.07348633
0.07623291
0.17926025
0.20861816
0.07965088
-0.04199219
-0.07061768
-0.05795288
-0.00665283
0.02191162
-0.00903320
-0.00720215
0.03070068
0.07092285
0.11404419
0.10195923
0.03198242
-0.01184082
-0.01019287
-0.00277710
0.02365112
0.00000000
0.00000000
0.00000000
0.00000000
0.00000000
0.00000000
0.00000000
0.00000000
0.00000000
0.00000000
0.00000000
-0.03033447
-0.01571655
0.00942993
0.02862549
0.00753784
-0.05166626
-0.10238647
-0.12545776
-0.11038208
-0.07962036
-0.07153320
-0.09353638
-0.01065063
0.16390991
0.18432617
0.11193848
-0.00488281
-0.18453979
-0.22161865
-0.07348633
0.07623291
0.17926025
0.20861816
0.07965088
-0.04199219
-0.07061768
-0.05795288
-0.00665283
0.02191162
-0.00903320
-0.00720215
0.03070068
0.07092285
0.11404419
0.10195923
0.03198242
-0.01184082
-0.01019287
-0.00277710
0.02365112
0.00000000
0.00000000
0.00000000
0.00000000
0.00000000
0.00000000
0.00000000
0.00000000
0.00000000
0.00000000
0.00000000
-0.03033447
-0.01571655
0.00942993
0.02862549
0.00753784
-0.05166626
-0.10238647
-0.12545776
-0.11038208
-0.07962036
-0.07153320
-0.09353638
-0.01065063
0.16390991
0.18432617
0.11193848
-0.00488281
-0.18453979
-0.22161865
-0.07348633
0.07623291
0.17926025
0.20861816
0.07965088
-0.04199219
-0.07061768
-0.05795288
-0.00665283
0.02191162
-0.00903320
-0.00720215
0.03070068
0.07092285
0.11404419
0.10195923
0.03198242
-0.01184082
-0.01019287
-0.00277710
0.02365112
0.00000000
0.00000000
0.00000000
0.00000000
0.00000000
0.00000000
0.00000000
0.00000000
0.00000000
0.00000000
0.00000000
-0.03033447
-0.01571655
0.00942993
0.02862549
0.00753784
-0.05166626
-0.10238647
-0.12545776
-0.11038208
-0.07962036
-0.07153320
-0.09353638
-0.01065063
0.16390991
0.18432617
0.11193848
-0.00488281
-0.18453979
-0.22161865
-0.07348633
0.07623291
0.17926025
0.20861816
0.07965088
-0.04199219
-0.07061768
-0.05795288
-0.00665283
0.02191162
-0.00903320
-0.00720215
0.03070068
0.07092285
0.11404419
0.10195923
0.03198242
-0.01184082
-0.01019287
-0.00277710
0.02365112
0.00000000
0.00000000
0.00000000
0.00000000
0.00000000
0.00000000
0.00000000
0.00000000
0.00000000
0.00000000
0.00000000
-0.03033447
-0.01571655
0.00942993
0.02862549
0.00753784
-0.05166626
-0.10238647
-0.12545776
-0.11038208
-0.07962036
-0.07153320
-0.09353638
-0.01065063
0.16390991
0.18432617
0.11193848
-0.00488281
-0.18453979
-0.22161865
-0.07348633
0.07623291
0.17926025
0.20861816
0.07965088
-0.04199219
-0.07061768
-0.05795288
-0.00665283
0.02191162
-0.00903320
-0.00720215
0.03070068
0.07092285
0.11404419
0.10195923
0.03198242
-0.01184082
-0.01019287
-0.00277710
0.02365112
0.00000000
0.00000000
0.00000000
0.00000000
0.00000000
0.00000000
0.00000000
0.00000000
0.00000000
0.00000000
0.00000000
-0.03033447
-0.01571655
0.00942993
0.02862549
0.00753784
-0.05166626
-0.10238647
-0.12545776
-0.11038208
-0.07962036
-0.07153320
-0.09353638
-0.01065063
0.16390991
0.18432617
0.11193848
-0.00488281
-0.18453979
-0.22161865
-0.07348633
0.07623291
0.17926025
0.20861816
0.07965088
-0.04199219
-0.07061768
-0.05795288
-0.00665283
0.02191162
-0.00903320
-0.00720215
0.03070068
0.07092285
0.11404419
0.10195923
0.03198242
-0.01184082
-0.01019287
-0.00277710
0.02365112
0.00000000
0.00000000
0.00000000
0.00000000
0.00000000
0.00000000
0.00000000
0.00000000
0.00000000
0.00000000
0.00000000
-0.03033447
-0.01571655
0.00942993
0.02862549
0.00753784
-0.05166626
-0.10238647
-0.12545776
-0.11038208
-0.07962036
-0.07153320
-0.09353638
-0.01065063
0.16390991
0.18432617
0.11193848
-0.00488281
-0.18453979
-0.22161865
-0.07348633
0.07623291
0.17926025
0.20861816
0.07965088
-0.04199219
-0.07061768
-0.05795288
-0.00665283
0.02191162
-0.00903320
-0.00720215
0.03070068
0.07092285
0.11404419
0.10195923
0.03198242
-0.01184082
-0.01019287
-0.00277710
0.02365112
-0.03033447
-0.01571655
0.00942993
0.02862549
0.00753784
-0.05166626
-0.10238647
-0.12545776
-0.11038208
-0.07962036
-0.07153320
-0.09353638
-0.01065063
0.16390991
0.18432617
0.11193848
-0.00488281
-0.18453979
-0.22161865
-0.07348633
0.07623291
0.17926025
0.20861816
0.07965088
-0.04199219
-0.07061768
-0.05795288
-0.00665283
0.02191162
-0.00903320
-0.00720215
0.03070068
0.07092285
0.11404419
0.10195923
0.03198242
-0.01184082
-0.01019287
-0.00277710
0.02365112
0.00000000
0.00000000
0.00000000
0.00000000
0.00000000
0.00000000
0.00000000
0.00000000
0.00000000
0.00000000
